7.14 2.57 3.51 
7.35 2.02 3.27 
7.61 2.30 3.91 
7.83 2.79 3.53 
7.45 2.62 3.18 
7.53 2.16 3.14 
7.29 3.00 3.42 
7.56 2.43 3.88 
7.78 2.99 3.97 
7.47 2.07 3.81 
7.69 2.75 3.27 
7.91 2.02 3.08 
7.58 2.37 3.54 
7.37 2.31 3.73 
7.42 2.25 3.04 
7.13 2.44 3.09 
7.78 2.13 3.59 
7.16 2.90 3.25 
7.54 2.50 3.96 
7.44 2.76 3.58 
7.85 2.17 3.34 
7.62 2.54 3.84 
7.62 2.31 4.00 
7.91 2.68 3.26 
7.38 2.54 3.54 
7.99 2.51 3.69 
7.72 2.27 3.06 
7.69 2.68 3.30 
7.35 2.89 3.24 
7.65 2.02 3.52 
7.68 2.93 3.38 
7.43 2.93 3.20 
7.90 2.84 3.70 
7.45 2.69 3.01 
7.29 2.98 3.63 
7.77 2.49 3.94 
7.63 2.35 3.95 
7.96 2.33 3.50 
7.86 2.85 3.18 
7.27 2.89 3.03 
7.99 2.06 3.83 
7.24 2.85 3.65 
7.21 2.46 3.92 
7.44 2.79 3.27 
7.81 2.52 3.42 
7.36 2.47 3.12 
7.40 2.65 3.59 
7.50 2.91 3.56 
7.71 2.62 3.56 
7.61 2.09 3.44 
7.97 2.10 3.15 
7.02 2.49 3.52 
7.65 2.37 3.56 
7.30 2.27 3.18 
7.69 2.56 3.25 
7.92 2.67 3.71 
7.59 2.07 3.47 
7.99 2.89 3.25 
7.17 2.16 3.11 
7.43 2.32 3.55 
7.65 2.07 3.25 
7.11 2.84 3.82 
7.66 2.85 3.74 
7.90 2.26 3.50 
7.71 2.07 3.12 
7.02 2.65 3.67 
7.35 2.20 3.59 
7.96 2.20 3.59 
7.65 2.02 3.89 
7.80 2.60 3.42 
7.17 2.71 3.38 
7.80 2.43 3.67 
7.37 2.30 3.88 
7.24 2.61 3.90 
7.12 2.76 3.97 
7.45 2.60 3.73 
7.12 2.30 3.73 
7.20 2.47 3.76 
7.99 2.29 3.11 
7.70 2.96 3.57 
7.07 2.53 3.33 
7.62 2.17 3.23 
7.01 2.82 3.16 
7.53 2.74 3.79 
7.36 2.87 3.31 
7.82 2.76 3.23 
7.92 2.61 3.06 
7.56 2.66 3.60 
7.16 2.82 3.98 
7.38 2.81 3.07 
7.85 2.49 3.28 
7.60 2.26 3.51 
7.09 2.04 3.47 
7.17 2.19 3.50 
7.19 2.47 3.89 
7.60 2.71 3.67 
7.66 2.90 3.35 
7.51 2.48 3.19 
7.05 2.04 3.77 
7.46 2.00 3.07 
