7.11 2.06 3.07 
7.71 2.19 3.57 
7.20 2.34 3.69 
7.57 2.32 3.32 
7.22 2.79 3.49 
7.71 2.31 3.24 
7.19 2.49 3.58 
7.74 2.50 3.13 
7.95 2.38 3.91 
7.44 2.60 3.93 
7.70 2.10 3.41 
7.75 2.97 3.05 
7.36 2.07 3.52 
7.60 2.53 3.06 
7.03 2.46 3.27 
7.64 2.53 3.06 
7.42 2.09 3.93 
7.51 2.12 3.82 
7.23 2.75 3.27 
7.59 2.96 3.66 
7.31 2.01 3.40 
7.41 2.64 3.55 
7.63 2.81 3.27 
7.86 2.82 3.61 
7.08 2.08 3.22 
7.48 2.13 3.32 
7.65 2.93 3.87 
7.57 2.02 3.36 
7.32 2.53 3.31 
7.14 2.74 3.67 
7.59 2.73 3.34 
7.42 2.30 3.79 
7.79 2.82 3.59 
7.89 2.34 3.32 
7.25 2.80 3.57 
7.74 2.00 3.12 
7.02 2.08 3.74 
7.87 2.37 3.67 
7.81 2.93 3.84 
7.01 2.02 3.26 
7.89 2.64 3.26 
7.85 2.74 3.26 
7.87 2.44 3.90 
7.79 2.24 3.32 
7.11 2.88 3.04 
7.20 2.07 3.11 
7.93 2.07 3.27 
7.19 2.75 3.94 
7.06 2.77 3.76 
7.90 2.45 3.54 
7.16 2.79 3.68 
7.15 2.16 3.87 
7.24 2.79 3.41 
7.89 2.60 3.60 
7.59 2.65 3.50 
7.62 2.61 3.50 
7.78 2.26 3.72 
7.73 2.09 3.73 
7.19 2.53 3.18 
7.89 2.80 3.13 
7.29 2.69 3.28 
7.93 2.60 3.64 
7.67 2.79 3.27 
7.16 2.48 3.96 
7.46 2.96 3.53 
7.03 2.24 4.00 
7.94 2.01 3.45 
7.64 2.77 3.86 
7.75 2.90 3.23 
7.39 2.88 3.73 
7.93 2.27 3.92 
7.10 2.88 3.39 
7.05 2.36 4.00 
7.63 2.52 3.99 
7.24 2.29 3.73 
7.27 2.84 3.15 
7.98 2.15 3.90 
7.72 2.59 3.51 
7.30 2.39 3.38 
7.66 2.40 3.96 
7.53 2.97 3.51 
7.48 2.63 3.06 
7.85 2.75 3.02 
7.86 2.08 3.96 
7.37 2.01 3.22 
7.39 2.31 3.52 
7.21 2.31 3.83 
7.38 2.37 3.13 
7.45 2.55 3.84 
7.88 2.72 3.25 
7.23 2.74 3.40 
7.28 2.59 3.94 
7.62 2.43 3.32 
7.95 2.57 3.18 
7.06 2.82 3.80 
7.13 2.90 3.85 
7.40 2.99 3.52 
7.80 2.88 3.26 
7.92 2.17 3.73 
7.22 2.77 3.61 
