7.33 2.34 3.45 
7.41 2.39 3.56 
7.16 2.38 3.03 
7.18 2.05 3.81 
7.03 2.58 3.51 
7.41 2.22 3.37 
7.09 2.27 3.45 
7.63 2.56 3.82 
7.69 2.37 3.43 
7.18 2.01 3.48 
7.19 2.20 3.13 
7.71 2.23 3.30 
7.69 2.53 3.07 
7.72 2.45 3.13 
7.52 2.15 3.68 
7.01 2.95 3.05 
7.24 2.78 3.31 
7.91 2.72 3.67 
7.04 2.37 3.11 
7.07 2.84 3.48 
7.47 2.42 3.61 
7.58 2.13 3.73 
7.44 2.77 3.86 
7.51 2.83 3.66 
7.23 2.73 3.63 
7.35 2.20 3.35 
7.13 2.13 3.11 
7.51 2.41 3.43 
7.72 2.74 3.49 
7.71 2.19 3.03 
7.77 2.10 3.01 
7.88 2.91 3.28 
7.59 2.53 3.25 
7.57 2.48 3.79 
7.85 2.69 3.97 
7.50 2.63 3.75 
7.89 2.37 3.74 
7.33 2.65 3.82 
7.53 2.23 3.20 
7.93 2.40 3.84 
7.43 2.80 3.44 
7.68 2.56 3.12 
7.84 2.75 3.00 
7.80 2.27 3.70 
7.14 2.12 3.63 
7.20 2.21 3.77 
7.77 2.11 3.01 
7.75 2.28 3.66 
7.44 2.17 3.32 
7.57 2.48 3.62 
7.79 2.29 3.46 
7.93 2.23 3.70 
7.47 2.25 3.50 
7.32 3.00 3.20 
7.68 2.29 3.13 
7.29 2.92 3.12 
7.08 2.82 3.68 
7.25 2.11 3.25 
7.77 2.96 3.30 
7.73 2.84 3.51 
7.39 2.15 3.35 
7.27 2.78 3.26 
7.20 2.17 3.96 
7.31 2.84 3.31 
7.52 2.07 3.56 
7.15 2.20 3.65 
7.44 2.83 3.25 
7.01 2.06 3.64 
7.50 2.31 3.25 
7.75 2.48 3.64 
7.86 2.66 3.00 
7.03 2.37 3.14 
7.11 2.81 3.50 
7.68 2.45 3.63 
7.89 2.88 3.98 
7.77 2.04 3.16 
7.10 2.13 3.34 
7.89 2.93 3.43 
7.93 2.28 3.80 
7.83 2.73 3.74 
7.65 2.15 3.26 
7.45 2.95 3.60 
7.22 2.87 3.10 
7.15 2.81 3.08 
7.92 2.19 3.55 
7.18 2.76 3.61 
7.70 2.08 3.40 
7.76 2.86 3.55 
7.92 2.12 3.76 
7.01 2.08 3.25 
7.31 2.70 3.26 
7.80 2.50 3.73 
7.35 2.06 3.04 
7.21 2.77 3.32 
7.75 2.41 3.91 
7.65 2.16 3.45 
7.60 2.07 3.58 
7.85 2.99 3.09 
7.60 2.26 3.23 
7.11 2.97 3.97 
