8.03 3.89 4.74 
7.81 2.66 3.58 
9.36 2.65 4.16 
8.76 2.77 3.15 
7.42 3.88 4.14 
7.16 2.36 4.54 
7.71 2.08 5.37 
8.15 3.07 3.26 
8.06 3.09 4.78 
8.48 3.35 5.08 
7.22 2.58 4.65 
9.47 2.46 3.99 
9.84 3.42 4.74 
8.73 3.04 5.51 
9.17 3.58 3.70 
7.39 4.00 4.19 
9.98 3.80 4.85 
9.53 3.31 4.30 
7.27 2.51 5.30 
9.86 3.11 5.57 
9.91 2.11 5.61 
7.76 3.94 4.50 
7.55 3.67 4.02 
8.86 2.95 5.94 
9.56 2.62 3.74 
7.49 3.07 4.25 
9.59 2.49 5.63 
8.29 3.51 4.23 
8.28 2.26 3.12 
8.39 2.66 5.48 
8.66 3.54 3.23 
8.72 2.29 5.59 
9.32 2.81 4.32 
7.75 3.58 3.88 
7.66 3.62 3.15 
9.75 3.89 5.02 
9.53 2.39 3.08 
7.93 3.22 4.06 
8.61 3.46 3.30 
7.12 2.55 5.41 
7.43 2.65 5.75 
9.76 3.20 5.90 
7.56 2.13 3.59 
9.66 2.30 5.20 
9.03 2.03 5.03 
7.40 3.19 4.61 
7.59 3.18 5.34 
8.47 3.13 5.89 
9.07 2.92 3.51 
8.38 3.33 5.30 
8.17 2.42 5.35 
9.77 3.97 5.52 
9.15 2.20 5.39 
7.22 3.05 3.15 
7.74 2.56 5.64 
9.85 2.52 5.33 
7.73 2.33 5.92 
8.43 3.51 5.36 
7.64 2.59 5.13 
7.66 3.84 5.66 
7.27 3.54 4.06 
9.69 2.89 4.89 
9.71 3.27 5.17 
9.25 3.60 3.23 
7.70 2.36 3.42 
8.75 3.70 5.06 
9.39 3.94 3.45 
8.65 2.99 5.59 
7.35 2.73 3.50 
7.07 3.66 3.66 
8.87 2.61 4.16 
7.93 2.01 3.98 
7.07 2.66 4.64 
8.69 2.51 4.45 
7.27 3.99 5.18 
8.08 2.35 3.13 
9.86 2.21 4.70 
9.08 2.64 3.29 
9.58 2.57 4.42 
7.18 2.05 3.57 
9.36 3.01 4.65 
9.47 2.89 3.05 
9.57 2.76 4.55 
9.50 3.10 3.45 
9.36 3.12 3.83 
9.39 2.55 3.99 
9.68 2.30 4.16 
8.96 2.75 5.85 
9.27 3.40 5.95 
8.15 3.59 5.24 
8.51 2.31 5.35 
9.96 3.92 5.52 
7.68 2.58 4.84 
9.84 3.45 3.22 
8.69 2.69 3.12 
8.06 3.95 4.77 
9.27 2.36 4.81 
9.10 3.28 4.40 
8.86 2.91 3.00 
8.20 3.19 3.14 
