8.96 2.57 5.76 
7.40 2.20 5.61 
9.36 2.95 5.65 
7.93 3.59 3.73 
7.65 2.02 3.93 
7.90 2.12 5.72 
9.83 3.56 3.99 
8.46 2.18 4.98 
9.51 3.19 3.38 
7.38 2.65 3.07 
8.22 2.26 4.05 
9.52 3.61 3.69 
7.67 2.86 4.57 
9.90 2.09 5.92 
9.98 3.66 4.37 
7.20 2.25 3.83 
7.32 3.86 3.99 
9.45 2.40 5.07 
7.95 3.95 5.65 
7.54 2.71 3.95 
9.57 2.25 5.87 
8.78 2.12 5.22 
9.49 2.83 3.63 
9.80 2.15 4.01 
9.21 2.12 4.23 
9.74 2.11 4.39 
9.90 3.69 3.98 
9.41 2.84 5.39 
9.60 3.33 3.81 
8.94 3.48 5.19 
7.11 3.30 5.01 
7.10 2.99 5.08 
7.13 2.23 5.98 
8.02 2.41 5.47 
9.16 3.40 3.15 
7.16 2.31 4.45 
7.20 2.72 3.18 
8.63 2.82 5.18 
8.82 2.40 4.33 
7.02 3.40 5.73 
7.07 2.66 3.46 
9.96 2.58 5.01 
9.35 2.95 3.36 
9.60 3.48 5.26 
7.06 2.02 5.30 
9.20 3.39 5.94 
7.86 2.25 5.84 
7.14 3.02 3.48 
7.33 3.43 4.00 
8.05 3.33 4.97 
9.05 3.64 3.73 
9.98 2.18 5.42 
9.04 3.47 5.32 
9.66 3.81 5.52 
9.23 3.56 4.48 
7.45 2.28 5.62 
9.28 2.42 3.80 
8.58 2.99 3.89 
7.87 3.65 5.41 
7.70 2.09 4.36 
9.13 3.98 4.33 
9.21 3.50 3.64 
9.22 2.56 3.28 
7.44 3.14 3.24 
8.33 2.49 3.63 
8.58 3.43 3.74 
9.46 3.38 4.84 
7.05 3.06 4.91 
8.76 2.87 5.57 
7.08 3.26 4.21 
9.41 2.75 3.25 
8.41 2.58 5.72 
9.62 2.10 3.06 
8.73 3.64 4.69 
8.70 2.93 4.67 
9.45 2.45 3.56 
7.18 3.23 5.84 
9.56 3.68 4.85 
8.98 2.93 3.95 
8.90 2.46 5.09 
8.75 3.86 3.03 
7.98 3.60 4.55 
9.02 2.08 5.20 
8.91 3.01 5.61 
9.32 3.69 4.46 
8.53 3.99 4.29 
7.17 3.59 4.98 
7.94 3.14 3.05 
7.57 2.81 3.04 
8.09 3.25 5.52 
8.04 2.01 5.19 
7.78 2.21 5.02 
8.07 2.15 4.75 
9.89 2.16 3.59 
8.85 3.46 4.33 
9.50 3.19 5.32 
8.76 3.66 4.69 
8.23 2.37 5.42 
7.01 3.86 3.44 
9.09 3.20 5.65 
