8.74 2.73 4.37 
9.98 2.10 4.80 
8.27 2.58 3.98 
7.36 3.88 4.71 
8.44 2.51 3.92 
9.73 3.42 4.32 
9.92 3.67 5.96 
9.43 2.13 3.78 
9.75 3.91 3.91 
7.40 3.45 4.63 
7.07 2.48 5.84 
7.46 3.73 4.50 
8.49 2.56 3.81 
7.90 2.67 5.30 
8.19 2.68 4.97 
8.61 2.00 4.13 
9.69 2.06 5.00 
9.89 3.34 4.84 
9.24 3.95 5.80 
8.95 3.38 4.85 
9.33 3.93 3.79 
8.19 3.58 4.98 
9.35 3.94 3.03 
9.32 3.74 5.24 
7.61 2.17 4.70 
9.27 3.20 3.82 
9.35 3.01 4.13 
8.84 3.64 6.00 
8.79 2.54 3.94 
8.67 2.11 5.33 
8.45 3.66 3.48 
7.18 3.39 3.28 
7.95 2.37 4.18 
7.89 2.54 4.44 
7.79 2.02 5.43 
7.52 2.75 4.16 
9.35 2.32 3.35 
7.80 3.35 5.80 
9.55 2.14 4.31 
9.61 2.35 3.58 
7.39 2.04 4.32 
8.25 3.97 5.44 
9.45 2.38 4.51 
7.22 2.73 3.13 
9.95 2.03 4.52 
8.27 3.50 5.83 
8.49 2.07 5.96 
9.44 3.18 5.37 
9.62 2.61 4.33 
8.45 3.60 3.53