7.02 3.24 5.85 
8.02 2.07 3.95 
8.21 3.79 4.94 
7.95 3.52 5.66 
8.52 2.86 5.34 
9.90 2.40 3.35 
8.94 3.34 5.19 
9.86 2.74 4.90 
9.32 3.60 3.80 
9.03 2.49 5.93 
7.05 2.06 5.90 
8.71 3.03 5.52 
8.45 3.00 3.37 
9.34 3.62 4.47 
8.59 3.52 5.02 
7.37 3.13 4.88 
9.64 3.78 3.62 
9.87 2.88 5.82 
9.70 3.66 5.68 
9.16 2.04 3.59 
7.10 2.88 5.66 
7.07 2.98 3.43 
9.11 2.66 5.35 
9.08 2.74 3.07 
8.59 2.50 4.26 
9.87 4.00 4.44 
7.55 2.22 5.53 
7.25 3.99 4.86 
7.81 3.79 4.78 
9.66 3.81 4.31 
9.24 2.47 4.92 
8.56 2.20 3.88 
9.62 2.56 5.26 
7.53 2.43 4.40 
9.38 3.62 5.82 
7.30 2.31 3.05 
8.71 3.55 3.84 
9.01 3.73 5.69 
7.82 2.82 4.96 
8.23 2.83 3.56 
7.58 2.02 5.94 
8.32 3.45 5.40 
8.09 2.70 3.42 
7.02 3.59 4.00 
8.54 2.37 3.80 
8.76 2.33 5.44 
9.96 3.66 4.34 
9.49 2.22 3.68 
7.34 2.90 3.15 
8.76 3.22 3.28